25502069760  8.08186  8.29525  8.66319
12751034880  3.72365  3.78147  3.87270
6375517440   1.86030  2.06208  1.97191
3187758720   0.93023  1.01159  0.94239
1593879360   0.46537  0.50294  0.48541
796939680    0.23248  0.25295  0.26205
398469840    0.11557  0.12644  0.11607
199234920    0.05628  0.06290  0.05762
99617460     0.02618  0.03076  0.02734
49808730     0.01144  0.01470  0.01444
24904365     0.00433  0.00906  0.00500
12452182     0.00336  0.00343  0.00329
6226091      0.00132  0.00172  0.00179
3113045      0.00073  0.00092  0.00098
1556522      0.00041  0.00053  0.00058
778261       0.00023  0.00034  0.00031
389130       0.00046  0.00059  0.00048
194565       0.00019  0.00023  0.00021
97282        0.00010  0.00015  0.00011
48641        0.00006  0.00007  0.00012
24320        0.00006  0.00009  0.00009
12160        0.00005  0.00013  0.00010
6080         0.00005  0.00013  0.00007
3040         0.00005  0.00009  0.00007
1520         0.00005  0.00007  0.00007
760          0.00004  0.00007  0.00007
380          0.00005  0.00007  0.00007
190          0.00005  0.00006  0.00007
95           0.00003  0.00003  0.00004
47           0.00003  0.00003  0.00004
23           0.00003  0.00003  0.00004
11           0.00003  0.00003  0.00004
5            0.00003  0.00003  0.00004
2            0.00003  0.00003  0.00004
1            0.00003  0.00003  0.00004
