1073741824   0.82775  0.51266  0.66316
536870912    0.33527  0.23449  0.30406
268435456    0.17272  0.11883  0.15686
134217728    0.08193  0.06795  0.07848
67108864     0.04111  0.03913  0.04531
33554432     0.02012  0.01971  0.02069
16777216     0.00911  0.00632  0.00635
8388608      0.00380  0.00292  0.00283
4194304      0.00183  0.00147  0.00147
2097152      0.00095  0.00079  0.00078
1048576      0.00053  0.00046  0.00045
524288       0.00032  0.00028  0.00028
262144       0.00020  0.00020  0.00019
131072       0.00023  0.00027  0.00024
65536        0.00015  0.00015  0.00015
32768        0.00012  0.00013  0.00012
16384        0.00011  0.00012  0.00011
8192         0.00010  0.00011  0.00013
4096         0.00010  0.00011  0.00011
2048         0.00010  0.00011  0.00011
1024         0.00010  0.00011  0.00011
512          0.00010  0.00011  0.00011
256          0.00010  0.00011  0.00011
128          0.00006  0.00009  0.00008
64           0.00006  0.00008  0.00008
32           0.00006  0.00008  0.00008
16           0.00006  0.00008  0.00008
8            0.00006  0.00008  0.00008
4            0.00006  0.00008  0.00008
2            0.00006  0.00008  0.00008
1            0.00006  0.00008  0.00008
