134217728    0.09842
67108864     0.05226
33554432     0.02255
16777216     0.01363
8388608      0.00582
4194304      0.00162
2097152      0.00085
1048576      0.00047
524288       0.00248
262144       0.00024
131072       0.00022
65536        0.00015
32768        0.00013
16384        0.00012
8192         0.00011
4096         0.00011
2048         0.00011
1024         0.00010
512          0.00010
256          0.00011
128          0.00008
64           0.00008
32           0.00008
16           0.00007
8            0.00008
4            0.00007
2            0.00007
1            0.00007
