402571264    0.08292  0.09615  0.09185  0.08181  0.09126  0.09033  0.09023  0.09017
201285632    0.04090  0.04660  0.04550  0.04105  0.04588  0.04523  0.04529  0.04524
100642816    0.02059  0.02491  0.02307  0.02088  0.02340  0.02293  0.02295  0.02303
50321408     0.01039  0.01239  0.01180  0.01073  0.01202  0.01182  0.01182  0.01180
25160704     0.00543  0.00687  0.00630  0.00635  0.00634  0.00642  0.00653  0.00632
12580352     0.00344  0.00373  0.00344  0.00342  0.00346  0.00349  0.00343  0.00347
6290176      0.00197  0.00220  0.00191  0.00199  0.00194  0.00193  0.00194  0.00191
3145088      0.00110  0.00120  0.00115  0.00110  0.00119  0.00115  0.00117  0.00121
1572544      0.00070  0.00075  0.00087  0.00069  0.00078  0.00082  0.00081  0.00080
786272       0.00050  0.00058  0.00056  0.00051  0.00058  0.00058  0.00058  0.00056
393136       0.00039  0.00096  0.00048  0.00046  0.00042  0.00041  0.00041  0.00041
196568       0.00030  0.00040  0.00038  0.00032  0.00032  0.00033  0.00032  0.00032
98284        0.00030  0.00034  0.00028  0.00027  0.00029  0.00028  0.00029  0.00028
49142        0.00027  0.00031  0.00028  0.00024  0.00026  0.00026  0.00026  0.00026
24571        0.00025  0.00030  0.00025  0.00023  0.00025  0.00024  0.00025  0.00025
12285        0.00024  0.00028  0.00024  0.00022  0.00025  0.00024  0.00024  0.00026
6142         0.00023  0.00028  0.00024  0.00022  0.00024  0.00024  0.00024  0.00024
3071         0.00023  0.00028  0.00024  0.00022  0.00024  0.00023  0.00025  0.00024
1535         0.00025  0.00028  0.00023  0.00022  0.00023  0.00025  0.00023  0.00024
767          0.00023  0.00030  0.00023  0.00021  0.00023  0.00023  0.00023  0.00023
383          0.00023  0.00027  0.00023  0.00022  0.00024  0.00023  0.00023  0.00024
191          0.00024  0.00028  0.00023  0.00022  0.00023  0.00024  0.00024  0.00024
95           0.00024  0.00028  0.00024  0.00022  0.00024  0.00023  0.00024  0.00024
47           0.00024  0.00027  0.00023  0.00022  0.00023  0.00023  0.00023  0.00023
23           0.00023  0.00028  0.00025  0.00022  0.00023  0.00023  0.00023  0.00023
11           0.00024  0.00036  0.00024  0.00022  0.00024  0.00023  0.00023  0.00024
5            0.00024  0.00062  0.00023  0.00021  0.00023  0.00024  0.00023  0.00024
2            0.00024  0.00024  0.00024  0.00023  0.00023  0.00023  0.00024  0.00023
1            0.00025  0.00030  0.00023  0.00022  0.00023  0.00023  0.00023  0.00023
