536821760    0.10526
268410880    0.05316
134205440    0.02656
67102720     0.01344
33551360     0.00701
16775680     0.00372
8387840      0.00206
4193920      0.00108
2096960      0.00073
1048480      0.00047
524240       0.00031
262120       0.00024
131060       0.00019
65530        0.00038
32765        0.00032
16382        0.00036
8191         0.00031
4095         0.00032
2047         0.00032
1023         0.00035
511          0.00033
255          0.00220
127          0.00040
63           0.00036
31           0.00040
15           0.00035
7            0.00046
3            0.00036
1            0.00037
