1509834752   0.44632  0.40762
754917376    0.22480  0.20396
377458688    0.10440  0.10175
188729344    0.05089  0.05100
94364672     0.02556  0.02580
47182336     0.01281  0.01308
23591168     0.00652  0.00679
11795584     0.00340  0.00344
5897792      0.00185  0.00180
2948896      0.00097  0.00104
1474448      0.00058  0.00064
737224       0.00038  0.00042
368612       0.00028  0.00027
184306       0.00019  0.00020
92153        0.00017  0.00017
46076        0.00039  0.00018
23038        0.00034  0.00015
11519        0.00034  0.00015
5759         0.00034  0.00014
2879         0.00033  0.00014
1439         0.00032  0.00014
719          0.00032  0.00013
359          0.00037  0.00013
179          0.00048  0.00013
89           0.00056  0.00013
44           0.00052  0.00013
22           0.00044  0.00013
11           0.00047  0.00014
5            0.00059  0.00014
2            0.00041  0.00013
1            0.00043  0.00013
