1610563584   0.48233  0.47203  0.47634  0.42995
805281792    0.23235  0.21507  0.23733  0.21427
402640896    0.10947  0.10756  0.10827  0.10839
201320448    0.05464  0.05402  0.05403  0.10145
100660224    0.02616  0.02724  0.02716  0.04950
50330112     0.01295  0.01379  0.01371  0.02472
25165056     0.00666  0.00706  0.00694  0.01219
12582528     0.00348  0.00351  0.00357  0.00626
6291264      0.00187  0.00194  0.00197  0.00356
3145632      0.00106  0.00111  0.00112  0.00181
1572816      0.00063  0.00064  0.00076  0.00101
786408       0.00046  0.00046  0.00047  0.00066
393204       0.00034  0.00034  0.00034  0.00044
196602       0.00030  0.00028  0.00028  0.00035
98301        0.00026  0.00025  0.00026  0.00031
49150        0.00028  0.00027  0.00028  0.00051
24575        0.00023  0.00023  0.00023  0.00046
12287        0.00048  0.00022  0.00022  0.00045
6143         0.00024  0.00021  0.00022  0.00045
3071         0.00022  0.00022  0.00021  0.00066
1535         0.00023  0.00021  0.00039  0.00043
767          0.00022  0.00022  0.00022  0.00043
383          0.00022  0.00021  0.00021  0.00043
191          0.00022  0.00021  0.00021  0.00065
95           0.00022  0.00021  0.00021  0.00044
47           0.00022  0.00021  0.00021  0.00043
23           0.00022  0.00021  0.00021  0.00044
11           0.00022  0.00021  0.00021  0.00048
5            0.00022  0.00021  0.00021  0.00026
2            0.00022  0.00021  0.00021  0.00045
1            0.00022  0.00021  0.00022  0.00024
